m   s   tau  高估(模拟)  W1理论  斜率模拟/理论  反号比例  MSE 朴素/EB
2   3   0.0      0.98     0.98  nan/0.000  0.500  3.45/2.45
2   3   1.0      0.85      nan  0.252/0.250  0.345  3.45/2.72
2   9   0.0      0.56     0.56  nan/0.000  0.501  1.46/1.12
2   9   1.0      0.40      nan  0.499/0.500  0.276  1.45/1.31
5   3   0.0      2.02     2.01  nan/0.000  0.500  5.86/1.71
5   3   1.0      1.74      nan  0.251/0.250  0.298  5.25/2.23
5   9   0.0      1.16     1.16  nan/0.000  0.500  2.25/0.87
5   9   1.0      0.82      nan  0.500/0.500  0.213  1.85/1.26
10  3   0.0      2.67     2.66  nan/0.000  0.501  8.61/1.32
10  3   1.0      2.31      nan  0.250/0.250  0.248  7.29/2.00
10  9   0.0      1.54     1.54  nan/0.000  0.500  3.16/0.74
10  9   1.0      1.09      nan  0.500/0.500  0.152  2.30/1.23
20  3   0.0      3.23     3.24  nan/0.000  0.499  11.73/1.03
20  3   1.0      2.80      nan  0.249/0.250  0.204  9.67/1.83
20  9   0.0      1.87     1.87  nan/0.000  0.500  4.21/0.64
20  9   1.0      1.32      nan  0.501/0.500  0.102  2.83/1.17
50  3   0.0      3.90     3.89  nan/0.000  0.500  16.26/0.77
50  3   1.0      3.37      nan  0.249/0.250  0.159  13.10/1.64
50  9   0.0      2.25     2.25  nan/0.000  0.500  5.72/0.56
50  9   1.0      1.59      nan  0.501/0.500  0.061  3.59/1.07
W3：m  delta  所需种子（精确／近似 2σ²ln m/δ²）
   2   0.5     11.5 /    49.9
   2   1.0      2.9 /    12.5
   2   2.0      0.7 /     3.1
   5   0.5     48.6 /   115.9
   5   1.0     12.1 /    29.0
   5   2.0      3.0 /     7.2
   10  0.5     85.2 /   165.8
   10  1.0     21.3 /    41.4
   10  2.0      5.3 /    10.4
   20  0.5    125.7 /   215.7
   20  1.0     31.4 /    53.9
   20  2.0      7.9 /    13.5
   50  0.5    181.9 /   281.7
   50  1.0     45.5 /    70.4
   50  2.0     11.4 /    17.6
