p  delta  rho  P(E*=1)  理论(平坦独立)  P(E*<=2)  均值
3  -0.5  0.0  0.292    0.250         0.507    2.93
3  -0.5  0.9  0.407    0.250         0.579    2.98
3  +0.0  0.0  0.249    0.250         0.450    3.25
3  +0.0  0.9  0.305    0.250         0.466    3.70
3  +0.5  0.0  0.211    0.250         0.392    3.62
3  +0.5  0.9  0.215    0.250         0.356    4.56
3  +2.0  0.0  0.111    0.250         0.231    4.99
3  +2.0  0.9  0.050    0.250         0.111    7.43
5  -0.5  0.0  0.215    0.167         0.382    4.12
5  -0.5  0.9  0.338    0.167         0.484    4.17
5  +0.0  0.0  0.168    0.167         0.311    4.80
5  +0.0  0.9  0.234    0.167         0.361    5.32
5  +0.5  0.0  0.125    0.167         0.243    5.59
5  +0.5  0.9  0.147    0.167         0.249    6.64
5  +2.0  0.0  0.041    0.167         0.095    8.15
5  +2.0  0.9  0.021    0.167         0.051    10.42
10 -0.5  0.0  0.142    0.091         0.255    7.03
10 -0.5  0.9  0.255    0.091         0.367    7.09
10 +0.0  0.0  0.091    0.091         0.174    8.63
10 +0.0  0.9  0.154    0.091         0.241    9.04
10 +0.5  0.0  0.053    0.091         0.109    10.34
10 +0.5  0.9  0.083    0.091         0.144    10.97
10 +2.0  0.0  0.006    0.091         0.017    14.49
10 +2.0  0.9  0.006    0.091         0.017    15.36
