d/n       R2    协议 lam     相对位移  跨种子距离  预测相关  测试R2   选中轮  选≤2比例
50/2000  0.01  es   0.0        1.010      0.468    0.887  -0.0177     5.4  0.35
50/2000  0.01  fb   0.0        1.019      0.004    1.000  -0.0164   300.0  0.00
50/2000  0.01  fb   0.001      1.021      0.004    1.000  -0.0157   300.0  0.00
50/2000  0.01  fb   0.01       1.018      0.004    1.000  -0.0145   300.0  0.00
50/2000  0.01  fb   0.1        1.016      0.004    1.000  -0.0111   300.0  0.00
50/2000  0.01  fb   1.0        1.004      0.005    1.000  +0.0006   300.0  0.00
50/2000  0.05  es   0.0        1.028      0.323    0.945  +0.0236     5.7  0.31
50/2000  0.05  fb   0.0        1.036      0.002    1.000  +0.0256   300.0  0.00
50/2000  0.05  fb   0.001      1.040      0.002    1.000  +0.0257   300.0  0.00
50/2000  0.05  fb   0.01       1.036      0.002    1.000  +0.0262   300.0  0.00
50/2000  0.05  fb   0.1        1.033      0.003    1.000  +0.0301   300.0  0.00
50/2000  0.05  fb   1.0        1.008      0.003    1.000  +0.0312   300.0  0.00
50/2000  0.2   es   0.0        1.110      0.179    0.983  +0.1770     5.5  0.39
50/2000  0.2   fb   0.0        1.140      0.001    1.000  +0.1791   300.0  0.00
50/2000  0.2   fb   0.001      1.125      0.001    1.000  +0.1800   300.0  0.00
50/2000  0.2   fb   0.01       1.133      0.001    1.000  +0.1792   300.0  0.00
50/2000  0.2   fb   0.1        1.108      0.001    1.000  +0.1813   300.0  0.00
50/2000  0.2   fb   1.0        1.034      0.002    1.000  +0.1440   300.0  0.00
300/200   0.01  es   0.0        0.550      1.278    0.183  -0.7194     2.9  0.54
300/200   0.01  fb   0.0        1.583      0.546    0.850  -2.1669   300.0  0.00
300/200   0.01  fb   0.001      1.579      0.546    0.850  -2.1214   300.0  0.00
300/200   0.01  fb   0.01       1.535      0.474    0.887  -1.8724   300.0  0.00
300/200   0.01  fb   0.1        1.395      0.083    0.996  -0.9806   300.0  0.00
300/200   0.01  fb   1.0        1.097      0.001    1.000  -0.1966   300.0  0.00
300/200   0.05  es   0.0        0.582      1.258    0.210  -0.6728     3.1  0.41
300/200   0.05  fb   0.0        1.599      0.550    0.847  -2.0181   300.0  0.00
300/200   0.05  fb   0.001      1.595      0.538    0.853  -2.0235   300.0  0.00
300/200   0.05  fb   0.01       1.547      0.472    0.888  -1.7702   300.0  0.00
300/200   0.05  fb   0.1        1.397      0.082    0.997  -0.9190   300.0  0.00
300/200   0.05  fb   1.0        1.102      0.001    1.000  -0.1669   300.0  0.00
300/200   0.2   es   0.0        0.643      1.209    0.268  -0.4977     3.3  0.23
300/200   0.2   fb   0.0        1.629      0.536    0.855  -1.5962   300.0  0.00
300/200   0.2   fb   0.001      1.633      0.526    0.861  -1.5933   300.0  0.00
300/200   0.2   fb   0.01       1.591      0.454    0.897  -1.4002   300.0  0.00
300/200   0.2   fb   0.1        1.428      0.078    0.997  -0.6605   300.0  0.00
300/200   0.2   fb   1.0        1.121      0.001    1.000  -0.0686   300.0  0.00
