n    sigma_p  扰动/间隔  J模拟  J近似  J随机
50   0.01        0.19  0.987  0.982  0.254
50   0.03        0.57  0.963  0.956  0.254
50   0.1         1.96  0.890  0.885  0.254
50   0.2         3.81  0.801  0.797  0.254
50   0.3         5.67  0.725  0.719  0.254
50   0.5         9.79  0.601  0.598  0.254
50   0.75       14.68  0.498  0.493  0.254
50   1.0        19.69  0.428  0.423  0.254
50   1.5        29.45  0.350  0.348  0.254
50   2.0        38.37  0.316  0.311  0.254
50   3.0        58.83  0.282  0.279  0.254
92   0.01        0.28  0.981  0.976  0.124
92   0.03        0.83  0.947  0.941  0.124
92   0.1         2.74  0.851  0.846  0.124
92   0.2         5.24  0.736  0.731  0.124
92   0.3         8.12  0.637  0.632  0.124
92   0.5        13.88  0.491  0.485  0.124
92   0.75       20.51  0.372  0.365  0.124
92   1.0        26.83  0.297  0.290  0.124
92   1.5        41.16  0.215  0.213  0.124
92   2.0        54.44  0.183  0.177  0.124
92   3.0        81.16  0.151  0.148  0.124
300  0.01        0.40  0.973  0.966  0.035
300  0.03        1.15  0.926  0.922  0.035
300  0.1         3.86  0.797  0.793  0.035
300  0.2         7.59  0.642  0.639  0.035
300  0.3        11.72  0.523  0.520  0.035
300  0.5        19.14  0.356  0.350  0.035
300  0.75       30.24  0.230  0.226  0.035
300  1.0        39.71  0.160  0.157  0.035
300  1.5        60.68  0.096  0.094  0.035
300  2.0        79.55  0.070  0.069  0.035
300  3.0       116.33  0.050  0.050  0.035
